        anu'	    0.573425961158        0.05         0.5           1
       alp1'	    1.10069423002        0.01        1.05         1.3
    gammap1'	    0.56921631332        0.05         0.1        0.65
        tp1'	    0.587833462466        0.05    0.077919        0.65
        gp1'	    47.6626004432           1           0           0
    betap11'	    2.31108350344         0.1         0.1         6.5
      taup1'	    2.09864239364         0.2           0           5
       cp11'	    0.399584708573        0.05           0           1
      etap1'	    4.20241138658        0.01           0           5
         ODD		       1           0           0           0
       alp2'	    1.18687853962       0.001        1.15        1.23
    gammap2'	    0.218784474559        0.02         0.1         0.5
        tp2'	    0.578243415879         0.1    0.077919           5
        gp2'	    4.28081315084         0.5           0           0
    betap21'	    0.87438642454        0.01           0           0
      taup2'		 292.528           0           0           0
       cp21'		       1           0           0           1
      etap2'		 4.75298           0           0           5
         ODD		       1           0           0           0
      alod1'	    1.00062773231       0.001           1         1.1
    gammao1'	    0.0507830878979       0.001        0.01        0.15
        fake		       0           0           0           0
       god1'	    -0.175971624896        0.01          -5           5
     betao1'	    0.415513798471        0.01        0.04         7.5
      tauo1'	    9.90388988749           1           0        19.5
       cod1'	    16.7139042424         0.1           0           0
      etao1'	    4.99930336246        0.01           0           5
         ODD		      -1           0           0           0
        alf'		    0.69           0           0           0
       alfp'		    0.84           0           0           0
         gf'	    237.720931377           1         0.1         280
         bf'	    4.37347694591           1           0          30
         ODD		       1           0           0           0
       alom'		    0.47           0           0           0
      alomp'		    0.93           0           0           0
        gom'	    128.901906656           1           6         180
        bom'	    16.9118183999         0.1           0          50
         ODD		      -1           0           0           0
    alambda'		       1           0           0           0
