        anu'         0.5           0         0.4         0.7
        asr'      3.6012     0.08126         3.5           5
        amu'         0.5           0         0.5         1.1
        as0'     5.08401      0.1656         4.5           7
       alp1'      1.1078   0.0006402           1         1.3
      alpp1'     0.24014        0.01         0.2         0.4
     alppp1'    0.077919        0.01           0         0.1
        gp1'      51.425     0.41323        -100         100
        bp1'      1.0955    0.037668           1         1.6
        cp1'           0           0           0           0
         ODD           1           0           0           0
       alp2'     1.20788   0.0006402         1.1         1.3
      alpp2'         0.1        0.01        0.01         0.2
     alppp2'    0.077919        0.01           0         0.1
        gp2'           0     0.41323        -100         100
        bp2'      1.0955    0.037668           1         1.6
        cp2'           0           0           0           0
         ODD           1           0           0           0
      alod1'     0.97875       0.001         0.9        1.01
     alodp1'     0.24993       0.001        0.15        0.26
    alodpp1'     0.17532           0           0           0
       god1'      3.6678     0.65799           0           0
       bod1'      3.8214     0.82633        0.01          20
       cod1'           0           0           0           0
         ODD          -1           0           0           0
        alf'        0.69           0           0           0
       alfp'        0.84           0           0           0
         gf'      219.88           1         0.1         220
         bf'       4.641         0.1           0          30
         ODD           1           0           0           0
       alom'        0.47           0           0           0
      alomp'        0.93           0           0           0
        gom'      63.813           1           6         150
        bom'      10.081         0.1           0          20
         ODD          -1           0           0           0
    alambda'           1           0           0           0
