        anu'         0.5           0         0.4         0.7
        asr'      3.5439     0.08126         3.5           5
        amu'         0.5           0         0.5         1.1
        as0'     6.68907      0.1656         4.5           9
       alp1'      1.0773       0.001           1         1.3
      alpp1'    0.387413        0.01         0.2         0.4
     alppp1'   0.0878742        0.01           0         0.1
        gp1'     25.0769     0.41323        -100         100
        bp1'     1.59942    0.037668           1         1.6
        cp1'     2.05568         0.1           0           0
         ODD           1           0           0           0
       alp2'     1.11313       0.001         1.1         1.3
      alpp2'   0.0109902        0.01        0.01         0.2
     alppp2'   0.0930222        0.01           0         0.1
        gp2'     28.6823     0.41323        -100         100
        bp2'     1.22835    0.037668         0.8         1.6
        cp2'   0.0425239         0.1           0           0
         ODD           1           0           0           0
      alod1'    0.904072       0.001         0.9        1.01
     alodp1'    0.151333       0.001        0.15        0.26
    alodpp1'     0.17532           0           0           0
       god1'     1.86635     0.65799           0           0
       bod1'     3.16341         0.1           0          20
       cod1'    -1.79297        0.01           0           0
         ODD          -1           0           0           0
        alf'        0.69           0           0           0
       alfp'        0.84           0           0           0
         gf'      219.88           0         0.1         220
         bf'       4.641           0           0          30
         ODD           1           0           0           0
       alom'        0.47           0           0           0
      alomp'        0.93           0           0           0
        gom'      63.813           0           6         150
        bom'      10.081           0           0          20
         ODD          -1           0           0           0
    alambda'           1           0           0           0
