        anu'         0.5           0         0.4         0.7
        asr'     4.80843     0.08126         3.5           5
        amu'         0.5           0         0.5         1.1
        as0'     8.99933      0.1656         4.5           9
       alp1'     1.07141       0.001           1         1.3
      alpp1'    0.299384        0.01         0.2         0.4
     alppp1'   0.0827456        0.01           0         0.1
        gp1'     24.7219     0.41323        -100         100
        bp1'     1.07693    0.037668           1         1.6
        cp1'   -0.340914         0.1           0           0
         ODD           1           0           0           0
       alp2'     1.14393       0.001         1.1         1.3
      alpp2'   0.0581609        0.01        0.01         0.2
     alppp2'   0.0776116        0.01           0         0.1
        gp2'     23.8922     0.41323        -100         100
        bp2'    0.994986    0.037668         0.8         1.6
        cp2'   0.0252157         0.1           0           0
         ODD           1           0           0           0
       alp2'     1.14393       0.001         1.1         1.3
      alpp2'   0.0581609        0.01        0.01         0.2
     alppp2'   0.0776116        0.01           0         0.1
        gp2'     23.8922     0.41323        -100         100
        bp2'    0.994986    0.037668         0.8         1.6
        cp2'   0.0252157         0.1           0           0
         ODD           1           0           0           0
      alod1'    0.902756       0.001         0.9        1.01
     alodp1'    0.150209       0.001        0.15        0.26
    alodpp1'     0.17532           0           0           0
       god1'     3.52256     0.65799           0           0
       bod1'    0.385051         0.1           0          20
       cod1'    0.412314        0.01           0           0
         ODD          -1           0           0           0
      alod1'    0.902756       0.001         0.9        1.01
     alodp1'    0.150209       0.001        0.15        0.26
    alodpp1'     0.17532           0           0           0
       god1'     3.52256     0.65799           0           0
       bod1'    0.385051         0.1           0          20
       cod1'    0.412314        0.01           0           0
         ODD          -1           0           0           0
        alf'        0.69           0           0           0
       alfp'        0.84           0           0           0
         gf'      219.88           0         0.1         220
         bf'       4.641           0           0          30
         ODD           1           0           0           0
       alom'        0.47           0           0           0
      alomp'        0.93           0           0           0
        gom'      63.813           0           6         150
        bom'      10.081           0           0          20
         ODD          -1           0           0           0
    alambda'           1           0           0           0
